$ANSIBLE_VAULT;1.1;AES256
35646331316434326464656137666139653962656165636639653833366430363530623035333934
3464393537643231646133343339376336306336666231330a316237376665303739313630313662
39313861316233356436353564333730663534663463666465363637386131396564633637636632
3937383037636138380a326231343039303437316335313261346633633963633264313164386531
30386533376164313062316538323163313266393738353538376661373736383465623836386638
39663837653236636662313436303766343731393638666235623138626133653638643732643831
34613430336231336364623266373630336237396664393665323066306131313839396566356266
39366166633331323835373632633137363539363533376139643534323638366439323162633737
65616466646339336135653831646234373464343530393035343061336538306439303437303663
33356562666239303637663039326437316438656166666466323131616338336233616463313530
63383333643235316534363131366539326131303335643633623633663764353366333537663337
62313137353239656433636162356564616363343765376530633137663532323362636533383361
62373233306438626135303235646538623463616635613135306635383963616330663663653534
32373136343833373638333364343362643334373935643234633035303932653737623664633662
64656566373230393437656465653338356464343464383337663933363938306134396637616465
31383935393631353066643865363739656434383336316663373432666234653161353032616363
32303431346232616434326261323465336562323530363030366439363034303866363538663538
3266326630623361326164323462393265633364386265323864
