$ANSIBLE_VAULT;1.1;AES256
36363537353662393236393331376637383330613436653861633438306334633036323261373066
3930383432323864663635313333333134616530646161320a396636636431313035333338633830
31653835306334643463353562316335613662353639393766323039366534633232613964663961
6630323264316166350a303738356561666139366432353261376261303733383237656139303235
63333162316337353733626435336134343632363566393134343532383662346534363532373163
36656263316134666239326135326638643164303931303262643765343438626662323734666462
35643262323262636536653865333964613932613037346563383430623361353866303632643438
63633234313563343038346165316139386337656233613639626432656165643964346363386562
33323061373934646166663734646261653330393761313064383361313364643465333365333430
66303066356639643562346430656664346261373132363635313863373137653861323732343438
63656332323933303764616637633661666432653566323738303534363833646636333831393965
34393765613565383066656433623336366561376634333666633535636266333061636536373864
32623230613734353637316363373732323238366438326630316330643833313639363033613961
64383132626535316537363838386536373737396638646630643466663763346139353638643432
39373062366438613436323734323438366462613537353962656361303133343066353334363033
32653336303736636434326663366630363166653535623262353738353531353665633436663630
38636464363962313462643734626563336333616262623136363634356536643438373134353863
30303664323237636265653733376466643164666161353338373231633464373333303937353863
31313436636432646662313535623035373366316532616439633165343737333063313936643234
35386364616530386237333562313463643964616233373363323136643262383833356434633333
36303135633739633739653666306431663163363762353536653837303466396136303863306363
31343136653834383131366632303464346664313733363761326462306531313432326361626339
35376432663636653566643232303134313638663163623764383965656131343032626631323238
63383262303832663138626139386466643466353763623163633462383037376266323138373766
64346162613431373132626239636565663631363731653039306465366365343632646639333263
34353038323963373365383962343862633961613239323336653538363936343936666666333436
35373038656337396338393162666431653537336231356234666534396661373461396665373133
65323833306637366366
